20
0 0 0.0
0 1 28.65143061868527
0 2 16.40119591558959
0 3 21.32435436314412
0 4 33.01559950176136
0 5 17.58042416033578
0 6 34.48568065199969
0 7 29.92776650355315
0 8 23.77908896175069
0 9 19.41915236922275
0 10 28.6285740907235
0 11 44.90184381059009
0 12 24.94492505224292
0 13 32.99715334523644
0 14 38.74265104813807
0 15 48.05551075327794
0 16 29.58816459391394
0 17 17.2554718203032
0 18 43.76995537444768
0 19 48.62205427853588
0 20 51.75829042763357
0 21 0.0
1 0 28.65143061868527
1 1 0.0
1 2 18.7227170701847
1 3 21.01698571963131
1 4 61.66703012044664
1 5 46.23185477902105
1 6 5.834250033314432
1 7 30.32928765814826
1 8 52.43051958043596
1 9 23.66067352381786
1 10 9.622856527961769
1 11 45.3033649651852
1 12 8.026505566442355
1 13 61.64858396392171
1 14 67.39408166682334
1 15 48.45703190787305
1 16 58.23959521259921
1 17 45.90690243898847
1 18 15.11852475576241
1 19 49.02357543313099
1 20 80.40972104631882
1 21 28.65143061868527
2 0 16.40119591558959
2 1 18.7227170701847
2 2 0.0
2 3 11.1457313505534
2 4 42.94431305026193
2 5 27.50913770883634
2 6 24.55696710349914
2 7 13.52657058796355
2 8 33.70780251025126
2 9 4.93795645363315
2 10 18.69986054222293
2 11 28.50064789500049
2 12 15.01621150374235
2 13 42.92586689373701
2 14 48.67136459663864
2 15 31.65431483768835
2 16 39.51687814241451
2 17 27.18418536880376
2 18 33.84124182594712
2 19 32.22085836294629
2 20 61.68700397613412
2 21 16.40119591558959
3 0 21.32435436314412
3 1 21.01698571963131
3 2 11.1457313505534
3 3 0.0
3 4 54.09004440081532
3 5 38.65486905938973
3 6 23.49123575294574
3 7 9.312301938516947
3 8 44.85353386080465
3 9 16.08368780418655
3 10 11.39412919166954
3 11 24.28637924555388
3 12 12.99048015318895
3 13 54.0715982442904
3 14 59.81709594719204
3 15 27.60004618824174
3 16 50.6626094929679
3 17 38.32991671935715
3 18 33.25551047539371
3 19 28.00658971349969
3 20 72.83273532668753
3 21 21.32435436314412
4 0 33.01559950176136
4 1 61.66703012044664
4 2 42.94431305026193
4 3 54.09004440081532
4 4 0.0
4 5 17.68482465857441
4 6 67.50128015376107
4 7 49.57774246229837
4 8 9.236510540010672
4 9 38.00635659662878
4 10 61.64417359248486
4 11 44.86753384826129
4 12 57.96052455400428
4 13 10.54155384347507
4 14 31.64705154637671
4 15 26.64999821257358
4 16 13.37256509215258
4 17 17.83987231854183
4 18 76.78555487620905
4 19 27.04345468731564
4 20 26.9026909258722
4 21 33.01559950176136
5 0 17.58042416033578
5 1 46.23185477902105
5 2 27.50913770883634
5 3 38.65486905938973
5 4 17.68482465857441
5 5 0.0
5 6 52.06610481233548
5 7 34.14256712087279
5 8 10.12133519858509
5 9 22.57118125520319
5 10 46.20899825105928
5 11 36.1523585068357
5 12 42.52534921257869
5 13 15.41672918490066
5 14 21.16222688780229
5 15 39.30602544952356
5 16 12.00774043357816
5 17 0.844104019361022
5 18 61.35037953478346
5 19 39.87256897478151
5 20 34.17786626729779
5 21 17.58042416033578
6 0 34.48568065199969
6 1 5.834250033314432
6 2 24.55696710349914
6 3 23.49123575294574
6 4 67.50128015376107
6 5 52.06610481233548
6 6 0.0
6 7 32.80353769146269
6 8 58.26476961375039
6 9 29.49492355713229
6 10 12.0971065612762
6 11 47.77761499849962
6 12 10.50075559975678
6 13 67.48283399723614
6 14 73.22833170013777
6 15 50.93128194118749
6 16 64.07384524591365
6 17 51.7411524723029
6 18 10.24427472244798
6 19 51.49782546644542
6 20 86.24397107963327
6 21 34.48568065199969
7 0 29.92776650355315
7 1 30.32928765814826
7 2 13.52657058796355
7 3 9.312301938516947
7 4 49.57774246229837
7 5 34.14256712087279
7 6 32.80353769146269
7 7 0.0
7 8 40.34123192228771
7 9 11.79290005540442
7 10 20.70643113018649
7 11 14.97407730703694
7 12 22.3027820917059
7 13 49.55929630577345
7 14 55.30479400867509
7 15 22.92774424972479
7 16 46.15030755445095
7 17 33.81761478084021
7 18 42.56781241391067
7 19 22.53428777498273
7 20 68.32043338817058
7 21 29.92776650355315
8 0 23.77908896175069
8 1 52.43051958043596
8 2 33.70780251025126
8 3 44.85353386080465
8 4 9.236510540010672
8 5 10.12133519858509
8 6 58.26476961375039
8 7 40.34123192228771
8 8 0.0
8 9 28.76984605661811
8 10 52.40766305247419
8 11 35.63102330825062
8 12 48.72401401399361
8 13 9.218064383485743
8 14 24.08356208638738
8 15 29.18469025093848
8 16 6.609075632163246
8 17 10.2763828585525
8 18 67.54904433619836
8 19 29.75123377619642
8 20 27.97920146588287
8 21 23.77908896175069
9 0 19.41915236922275
9 1 23.66067352381786
9 2 4.93795645363315
9 3 16.08368780418655
9 4 38.00635659662878
9 5 22.57118125520319
9 6 29.49492355713229
9 7 11.79290005540442
9 8 28.76984605661811
9 9 0.0
9 10 23.63781699585609
9 11 25.48269144136734
9 12 19.9541679573755
9 13 37.98791044010385
9 14 43.73340814300548
9 15 28.63635838405519
9 16 34.57892168878136
9 17 22.24622891517061
9 18 38.77919827958026
9 19 29.20290190931313
9 20 56.74904752250097
9 21 19.41915236922275
10 0 28.6285740907235
10 1 9.622856527961769
10 2 18.69986054222293
10 3 11.39412919166954
10 4 61.64417359248486
10 5 46.20899825105928
10 6 12.0971065612762
10 7 20.70643113018649
10 8 52.40766305247419
10 9 23.63781699585609
10 10 0.0
10 11 35.68050843722342
10 12 3.683649038480583
10 13 61.62572743595994
10 14 67.37122513886156
10 15 38.83417537991128
10 16 58.21673868463743
10 17 45.88404591102669
10 18 21.86138128372418
10 19 39.40071890516922
10 20 80.38686451835706
10 21 28.6285740907235
11 0 44.90184381059009
11 1 45.3033649651852
11 2 28.50064789500049
11 3 24.28637924555388
11 4 44.86753384826129
11 5 36.1523585068357
11 6 47.77761499849962
11 7 14.97407730703694
11 8 35.63102330825062
11 9 25.48269144136734
11 10 35.68050843722342
11 11 0.0
11 12 37.27685939874284
11 13 44.84908769173636
11 14 50.914585394638
11 15 18.21753563568771
11 16 41.44009894041387
11 17 36.30740616680312
11 18 57.5418897209476
11 19 17.82407916094565
11 20 63.61022477413349
11 21 44.90184381059009
12 0 24.94492505224292
12 1 8.026505566442355
12 2 15.01621150374235
12 3 12.99048015318895
12 4 57.96052455400428
12 5 42.52534921257869
12 6 10.50075559975678
12 7 22.3027820917059
12 8 48.72401401399361
12 9 19.9541679573755
12 10 3.683649038480583
12 11 37.27685939874284
12 12 0.0
12 13 57.94207839747936
12 14 63.68757610038099
12 15 40.4305263414307
12 16 54.53308964615685
12 17 42.20039687254611
12 18 20.26503032220477
12 19 40.99706986668864
12 20 76.70321547987649
12 21 24.94492505224292
13 0 32.99715334523644
13 1 61.64858396392171
13 2 42.92586689373701
13 3 54.0715982442904
13 4 10.54155384347507
13 5 15.41672918490066
13 6 67.48283399723614
13 7 49.55929630577345
13 8 9.218064383485743
13 9 37.98791044010385
13 10 61.62572743595994
13 11 44.84908769173636
13 12 57.94207839747936
13 13 0.0
13 14 21.10549770290163
13 15 32.16275463442422
13 16 3.654682060849617
13 17 15.74168152493324
13 18 76.76710871968412
13 19 32.72929815968216
13 20 18.76113708239713
13 21 32.99715334523644
14 0 38.74265104813807
14 1 67.39408166682334
14 2 48.67136459663864
14 3 59.81709594719204
14 4 31.64705154637671
14 5 21.16222688780229
14 6 73.22833170013777
14 7 55.30479400867509
14 8 24.08356208638738
14 9 43.73340814300548
14 10 67.37122513886156
14 11 50.914585394638
14 12 63.68757610038099
14 13 21.10549770290163
14 14 0.0
14 15 53.26825233732586
14 16 18.27448645422414
14 17 21.48717922783488
14 18 82.51260642258575
14 19 53.8347958625838
14 20 13.01563937949549
14 21 38.74265104813807
15 0 48.05551075327794
15 1 48.45703190787305
15 2 31.65431483768835
15 3 27.60004618824174
15 4 26.64999821257358
15 5 39.30602544952356
15 6 50.93128194118749
15 7 22.92774424972479
15 8 29.18469025093848
15 9 28.63635838405519
15 10 38.83417537991128
15 11 18.21753563568771
15 12 40.4305263414307
15 13 32.16275463442422
15 14 53.26825233732586
15 15 0.0
15 16 34.99376588310172
15 17 39.46107310949098
15 18 60.69555666363546
15 19 0.6222538963664924
15 20 48.52389171682135
15 21 48.05551075327794
16 0 29.58816459391394
16 1 58.23959521259921
16 2 39.51687814241451
16 3 50.6626094929679
16 4 13.37256509215258
16 5 12.00774043357816
16 6 64.07384524591365
16 7 46.15030755445095
16 8 6.609075632163246
16 9 34.57892168878136
16 10 58.21673868463743
16 11 41.44009894041387
16 12 54.53308964615685
16 13 3.654682060849617
16 14 18.27448645422414
16 15 34.99376588310172
16 16 0.0
16 17 12.33269277361075
16 18 73.35811996836162
16 19 35.56030940835966
16 20 22.17012583371962
16 21 29.58816459391394
17 0 17.2554718203032
17 1 45.90690243898847
17 2 27.18418536880376
17 3 38.32991671935715
17 4 17.83987231854183
17 5 0.844104019361022
17 6 51.7411524723029
17 7 33.81761478084021
17 8 10.2763828585525
17 9 22.24622891517061
17 10 45.88404591102669
17 11 36.30740616680312
17 12 42.20039687254611
17 13 15.74168152493324
17 14 21.48717922783488
17 15 39.46107310949098
17 16 12.33269277361075
17 17 0.0
17 18 61.02542719475088
17 19 40.02761663474892
17 20 34.50281860733036
17 21 17.2554718203032
18 0 43.76995537444768
18 1 15.11852475576241
18 2 33.84124182594712
18 3 33.25551047539371
18 4 76.78555487620905
18 5 61.35037953478346
18 6 10.24427472244798
18 7 42.56781241391067
18 8 67.54904433619836
18 9 38.77919827958026
18 10 21.86138128372418
18 11 57.5418897209476
18 12 20.26503032220477
18 13 76.76710871968412
18 14 82.51260642258575
18 15 60.69555666363546
18 16 73.35811996836162
18 17 61.02542719475088
18 18 0.0
18 19 61.26210018889339
18 20 95.52824580208123
18 21 43.76995537444768
19 0 48.62205427853588
19 1 49.02357543313099
19 2 32.22085836294629
19 3 28.00658971349969
19 4 27.04345468731564
19 5 39.87256897478151
19 6 51.49782546644542
19 7 22.53428777498273
19 8 29.75123377619642
19 9 29.20290190931313
19 10 39.40071890516922
19 11 17.82407916094565
19 12 40.99706986668864
19 13 32.72929815968216
19 14 53.8347958625838
19 15 0.6222538963664924
19 16 35.56030940835966
19 17 40.02761663474892
19 18 61.26210018889339
19 19 0.0
19 20 49.09043524207929
19 21 48.62205427853588
20 0 51.75829042763357
20 1 80.40972104631882
20 2 61.68700397613412
20 3 72.83273532668753
20 4 26.9026909258722
20 5 34.17786626729779
20 6 86.24397107963327
20 7 68.32043338817058
20 8 27.97920146588287
20 9 56.74904752250097
20 10 80.38686451835706
20 11 63.61022477413349
20 12 76.70321547987649
20 13 18.76113708239713
20 14 13.01563937949549
20 15 48.52389171682135
20 16 22.17012583371962
20 17 34.50281860733036
20 18 95.52824580208123
20 19 49.09043524207929
20 20 0.0
20 21 51.75829042763357
21 0 0.0
21 1 0.0
21 2 0.0
21 3 0.0
21 4 0.0
21 5 0.0
21 6 0.0
21 7 0.0
21 8 0.0
21 9 0.0
21 10 0.0
21 11 0.0
21 12 0.0
21 13 0.0
21 14 0.0
21 15 0.0
21 16 0.0
21 17 0.0
21 18 0.0
21 19 0.0
21 20 0.0
21 21 0.0
